Webots Project File version R2023b
perspectives: 000000ff00000000fd00000002000000010000011a0000025efc0200000001fb0000001400540065007800740045006400690074006f007200000000160000025e0000004100ffffff00000003000004fe00000065fc0100000001fb0000001a0043006f006e0073006f006c00650041006c006c0041006c006c0100000000000004fe0000006900ffffff000004fe0000020600000001000000020000000100000008fc00000000
simulationViewPerspectives: 000000ff00000001000000020000010d000003270100000002010000000100
sceneTreePerspectives: 000000ff00000001000000030000001e000000c0000000fa0100000002010000000200
maximizedDockId: -1
centralWidgetVisible: 1
orthographicViewHeight: 1
textFiles: -1
consoles: Console:All:All
renderingDevicePerspectives: robot:camera;1;0.339844;4.87372e-07;0.321823
renderingDevicePerspectives: robot:range-finder;1;1.35938;0;0
